initMoves | BFS     | TilesOutOfPlace | Manhattan |
---------------------------------------------------
20        | 1755    | 27              | 27        |
---------------------------------------------------
40        | 509,695 | 228             | 80        |
---------------------------------------------------
60        |         | 47,514          | 975       |
---------------------------------------------------
80        |         | 36,816          | 595       |
---------------------------------------------------
100       |         | 1,603,504       | 10,752    |
---------------------------------------------------
150       |         |                 | 79,412    |
---------------------------------------------------
200       |         |                 | 74,234    |
---------------------------------------------------
250       |         |                 | 283,724   |
---------------------------------------------------
300       |         |                 | 1,975,478 |
---------------------------------------------------